N;종목명;현재가;전일비;등락률;액면가;시가총액;상장주식수;외국인비율;거래량;PER;ROE
1;삼성전자;79,500;600;-0.75;100;4,745,977;5,969,783;53.9;9,672,577;20.7;9.99
2;SK하이닉스;117,500;1,000;-0.84;5,000;855,403;728,002;48.99;1,617,354;17.99;9.53
3;LG화학;859,000;5,000;0.59;5,000;606,388;70,592;45.58;72,766;131.17;2.93
4;삼성전자우;73,600;300;-0.41;100;605,645;822,887;76.93;542,697;19.16;0.0
5;삼성바이오로직스;885,000;63,000;-6.65;2,500;585,560;66,165;10.36;389,710;243.0;0.0
6;NAVER;342,000;500;-0.15;100;561,781;164,263;56.63;256,265;56.09;15.22
7;카카오;109,500;500;0.46;100;485,971;443,809;32.71;922,550;308.45;2.7
8;현대차;227,000;2,000;-0.87;5,000;485,027;213,668;30.05;435,359;44.14;2.04
9;삼성SDI;621,000;5,000;-0.8;5,000;427,028;68,765;42.44;138,737;76.05;4.54
10;셀트리온;270,000;500;-0.18;1,000;371,799;137,703;20.66;332,679;72.64;16.68
11;기아;81,800;800;-0.97;5,000;331,587;405,363;32.79;1,095,223;22.29;5.05
12;POSCO;368,000;12,000;-3.16;5,000;320,848;87,187;54.92;347,042;20.03;3.61
13;삼성물산;140,000;0;0.0;100;261,642;186,887;14.89;421,834;25.6;3.81
14;현대모비스;275,500;500;0.18;5,000;261,155;94,793;37.22;175,600;17.13;4.66
15;SK이노베이션;276,000;7,000;2.6;5,000;255,205;92,466;22.75;609,706;-11.9;-13.58
16;LG전자;147,500;1,000;-0.67;5,000;241,381;163,648;30.41;288,926;13.55;13.23
17;KB금융;57,400;200;-0.35;5,000;238,674;415,808;69.36;572,781;6.91;8.53
18;LG생활건강;1,519,000;2,000;-0.13;5,000;237,240;15,618;45.77;8,140;33.74;17.92
19;SK텔레콤;306,000;11,000;-3.47;500;220,504;72,060;44.7;148,426;16.42;6.44
20;LG;126,500;0;0.0;5,000;218,285;172,557;34.67;0;15.18;7.5
21;신한지주;40,850;350;-0.85;5,000;211,031;516,600;60.71;732,767;6.06;8.2
22;SK;268,000;2,000;-0.74;200;188,566;70,360;20.72;69,654;100.37;1.11
23;엔씨소프트;814,000;17,000;-2.05;500;178,706;21,954;52.43;45,149;30.42;20.83
24;아모레퍼시픽;295,000;3,500;1.2;500;172,453;58,458;34.08;75,267;579.57;0.78
25;삼성생명;85,700;800;0.94;500;171,400;200,000;13.16;239,215;13.54;3.53
26;한국전력;23,650;250;-1.05;5,000;151,824;641,964;16.51;1,808,853;7.62;2.91
27;HMM;43,850;150;0.34;5,000;151,455;345,392;11.28;8,985,063;114.19;8.93
28;하나금융지주;46,000;100;0.22;5,000;138,111;300,242;69.1;462,920;5.24;8.96
29;삼성에스디에스;178,000;2,500;-1.39;500;137,732;77,378;11.44;45,417;31.06;6.71
30;삼성전기;163,500;1,000;-0.61;5,000;122,124;74,694;32.24;406,533;21.01;10.92
31;SK바이오사이언스;157,000;11,000;7.53;500;120,105;76,500;2.9;909,108;292.36;13.25
32;KT&G;82,400;100;0.12;5,000;113,129;137,292;39.75;206,854;9.65;13.22
33;넷마블;129,500;2,000;1.57;100;111,310;85,954;23.69;147,856;35.51;6.35
34;포스코케미칼;143,000;3,500;-2.39;500;110,772;77,463;7.73;101,150;310.2;2.96
35;S-Oil;97,200;1,100;1.14;2,500;109,430;112,583;76.36;333,277;-14.24;-13.07
36;한국조선해양;151,500;3,000;2.02;5,000;107,221;70,773;18.28;209,185;-12.86;-7.42
37;대한항공;30,550;1,250;4.27;5,000;106,259;347,821;10.65;6,124,250;-25.78;-7.22
38;SK아이이테크놀로지;139,500;1,500;-1.06;1,000;99,460;71,298;5.15;518,634;0.0;11.0
39;삼성화재;208,000;4,500;-2.12;500;98,540;47,375;47.75;64,313;13.93;4.96
40;롯데케미칼;278,000;4,500;-1.59;5,000;95,286;34,275;25.93;109,209;60.13;1.22
41;하이브;243,500;1,000;0.41;500;86,744;35,624;8.96;73,156;0.0;12.52
42;SK바이오팜;110,500;0;0.0;500;86,536;78,313;7.21;259,092;-32.1;-135.18
43;한온시스템;16,050;50;0.31;100;85,675;533,800;19.2;400,541;77.54;5.09
44;고려아연;451,000;8,000;-1.74;5,000;85,104;18,870;22.3;35,013;14.85;8.37
45;한화솔루션;44,350;300;0.68;5,000;84,832;191,278;16.87;616,893;24.06;5.3
46;KT;31,300;300;0.97;5,000;81,728;261,112;43.92;792,092;12.42;4.76
47;우리금융지주;11,150;50;0.45;5,000;80,533;722,268;26.77;998,593;6.16;5.87
48;기업은행;10,800;100;0.93;5,000;80,384;744,301;13.12;1,380,739;5.39;6.44
49;LG디스플레이;22,100;100;0.45;5,000;79,077;357,816;21.97;1,657,171;-88.4;-0.79
50;현대제철;54,400;1,500;-2.68;5,000;72,594;133,446;20.51;800,154;-16.88;-2.59
